t,L_sum,L_0,L_1,L_2,L_3,L_4,L_5,L_6,L_7,L_8,L_9
10.0,4.0779774058630215e+37,4.0779774058630215e+37,4.0779774058630215e+37,4.0779774058630215e+37,4.0779774058630215e+37,4.0779774058630215e+37,4.0779774058630215e+37,4.0779774058630215e+37,4.0779774058630215e+37,4.0779774058630215e+37,4.0779774058630215e+37
11.364636663857247,4.633205640223991e+37,4.633205640223991e+37,4.633205640223991e+37,4.633205640223991e+37,4.633205640223991e+37,4.633205640223991e+37,4.633205640223991e+37,4.633205640223991e+37,4.633205640223991e+37,4.633205640223991e+37,4.633205640223991e+37
12.91549665014884,5.263833556963592e+37,5.263833556963592e+37,5.263833556963592e+37,5.263833556963592e+37,5.263833556963592e+37,5.263833556963592e+37,5.263833556963592e+37,5.263833556963592e+37,5.263833556963592e+37,5.263833556963592e+37,5.263833556963592e+37
14.677992676220699,5.980043298775158e+37,5.980043298775158e+37,5.980043298775158e+37,5.980043298775158e+37,5.980043298775158e+37,5.980043298775158e+37,5.980043298775158e+37,5.980043298775158e+37,5.980043298775158e+37,5.980043298775158e+37,5.980043298775158e+37
16.68100537200059,6.793375417286534e+37,6.793375417286534e+37,6.793375417286534e+37,6.793375417286534e+37,6.793375417286534e+37,6.793375417286534e+37,6.793375417286534e+37,6.793375417286534e+37,6.793375417286534e+37,6.793375417286534e+37,6.793375417286534e+37
18.957356524063755,7.716905260404216e+37,7.716905260404216e+37,7.716905260404216e+37,7.716905260404216e+37,7.716905260404216e+37,7.716905260404216e+37,7.716905260404216e+37,7.716905260404216e+37,7.716905260404216e+37,7.716905260404216e+37,7.716905260404216e+37
21.544346900318832,8.76544084591036e+37,8.76544084591036e+37,8.76544084591036e+37,8.76544084591036e+37,8.76544084591036e+37,8.76544084591036e+37,8.76544084591036e+37,8.76544084591036e+37,8.76544084591036e+37,8.76544084591036e+37,8.76544084591036e+37
24.484367468222267,9.955744416672704e+37,9.955744416672704e+37,9.955744416672704e+37,9.955744416672704e+37,9.955744416672704e+37,9.955744416672704e+37,9.955744416672704e+37,9.955744416672704e+37,9.955744416672704e+37,9.955744416672704e+37,9.955744416672704e+37
27.825594022071243,1.1306779965426234e+38,1.1306779965426234e+38,1.1306779965426234e+38,1.1306779965426234e+38,1.1306779965426234e+38,1.1306779965426234e+38,1.1306779965426234e+38,1.1306779965426234e+38,1.1306779965426234e+38,1.1306779965426234e+38,1.1306779965426234e+38
31.622776601683793,1.2839989065619481e+38,1.2839989065619481e+38,1.2839989065619481e+38,1.2839989065619481e+38,1.2839989065619481e+38,1.2839989065619481e+38,1.2839989065619481e+38,1.2839989065619481e+38,1.2839989065619481e+38,1.2839989065619481e+38,1.2839989065619481e+38
35.938136638046274,1.4579597328446879e+38,1.4579597328446879e+38,1.4579597328446879e+38,1.4579597328446879e+38,1.4579597328446879e+38,1.4579597328446879e+38,1.4579597328446879e+38,1.4579597328446879e+38,1.4579597328446879e+38,1.4579597328446879e+38,1.4579597328446879e+38
40.842386526745216,1.6552953697691638e+38,1.6552953697691638e+38,1.6552953697691638e+38,1.6552953697691638e+38,1.6552953697691638e+38,1.6552953697691638e+38,1.6552953697691638e+38,1.6552953697691638e+38,1.6552953697691638e+38,1.6552953697691638e+38,1.6552953697691638e+38
46.41588833612777,1.879090455825401e+38,1.879090455825401e+38,1.879090455825401e+38,1.879090455825401e+38,1.879090455825401e+38,1.879090455825401e+38,1.879090455825401e+38,1.879090455825401e+38,1.879090455825401e+38,1.879090455825401e+38,1.879090455825401e+38
52.749970637026195,2.1328204226429784e+38,2.1328204226429784e+38,2.1328204226429784e+38,2.1328204226429784e+38,2.1328204226429784e+38,2.1328204226429784e+38,2.1328204226429784e+38,2.1328204226429784e+38,2.1328204226429784e+38,2.1328204226429784e+38,2.1328204226429784e+38
59.94842503189409,2.420396275367718e+38,2.420396275367718e+38,2.420396275367718e+38,2.420396275367718e+38,2.420396275367718e+38,2.420396275367718e+38,2.420396275367718e+38,2.420396275367718e+38,2.420396275367718e+38,2.420396275367718e+38,2.420396275367718e+38
68.12920690579611,2.7462131040585023e+38,2.7462131040585023e+38,2.7462131040585023e+38,2.7462131040585023e+38,2.7462131040585023e+38,2.7462131040585023e+38,2.7462131040585023e+38,2.7462131040585023e+38,2.7462131040585023e+38,2.7462131040585023e+38,2.7462131040585023e+38
77.4263682681127,3.1152021938113383e+38,3.1152021938113383e+38,3.1152021938113383e+38,3.1152021938113383e+38,3.1152021938113383e+38,3.1152021938113383e+38,3.1152021938113383e+38,3.1152021938113383e+38,3.1152021938113383e+38,3.1152021938113383e+38,3.1152021938113383e+38
87.99225435691069,3.532886420566618e+38,3.532886420566618e+38,3.532886420566618e+38,3.532886420566618e+38,3.532886420566618e+38,3.532886420566618e+38,3.532886420566618e+38,3.532886420566618e+38,3.532886420566618e+38,3.532886420566618e+38,3.532886420566618e+38
100.0,4.005438377890488e+38,4.005438377890488e+38,4.005438377890488e+38,4.005438377890488e+38,4.005438377890488e+38,4.005438377890488e+38,4.005438377890488e+38,4.005438377890488e+38,4.005438377890488e+38,4.005438377890488e+38,4.005438377890488e+38
113.64636663857242,4.539740363626913e+38,4.539740363626913e+38,4.539740363626913e+38,4.539740363626913e+38,4.539740363626913e+38,4.539740363626913e+38,4.539740363626913e+38,4.539740363626913e+38,4.539740363626913e+38,4.539740363626913e+38,4.539740363626913e+38
129.1549665014884,5.143444949110005e+38,5.143444949110005e+38,5.143444949110005e+38,5.143444949110005e+38,5.143444949110005e+38,5.143444949110005e+38,5.143444949110005e+38,5.143444949110005e+38,5.143444949110005e+38,5.143444949110005e+38,5.143444949110005e+38
146.7799267622069,5.825034342175599e+38,5.825034342175599e+38,5.825034342175599e+38,5.825034342175599e+38,5.825034342175599e+38,5.825034342175599e+38,5.825034342175599e+38,5.825034342175599e+38,5.825034342175599e+38,5.825034342175599e+38,5.825034342175599e+38
166.81005372000593,6.593876124426588e+38,6.593876124426588e+38,6.593876124426588e+38,6.593876124426588e+38,6.593876124426588e+38,6.593876124426588e+38,6.593876124426588e+38,6.593876124426588e+38,6.593876124426588e+38,6.593876124426588e+38,6.593876124426588e+38
189.57356524063755,7.460272183151194e+38,7.460272183151194e+38,7.460272183151194e+38,7.460272183151194e+38,7.460272183151194e+38,7.460272183151194e+38,7.460272183151194e+38,7.460272183151194e+38,7.460272183151194e+38,7.460272183151194e+38,7.460272183151194e+38
215.44346900318823,8.435496767579759e+38,8.435496767579759e+38,8.435496767579759e+38,8.435496767579759e+38,8.435496767579759e+38,8.435496767579759e+38,8.435496767579759e+38,8.435496767579759e+38,8.435496767579759e+38,8.435496767579759e+38,8.435496767579759e+38
244.84367468222268,9.531818591439638e+38,9.531818591439638e+38,9.531818591439638e+38,9.531818591439638e+38,9.531818591439638e+38,9.531818591439638e+38,9.531818591439638e+38,9.531818591439638e+38,9.531818591439638e+38,9.531818591439638e+38,9.531818591439638e+38
278.2559402207126,1.0762500816775161e+39,1.0762500816775161e+39,1.0762500816775161e+39,1.0762500816775161e+39,1.0762500816775161e+39,1.0762500816775161e+39,1.0762500816775161e+39,1.0762500816775161e+39,1.0762500816775161e+39,1.0762500816775161e+39,1.0762500816775161e+39
316.22776601683796,1.2141771661446351e+39,1.2141771661446351e+39,1.2141771661446351e+39,1.2141771661446351e+39,1.2141771661446351e+39,1.2141771661446351e+39,1.2141771661446351e+39,1.2141771661446351e+39,1.2141771661446351e+39,1.2141771661446351e+39,1.2141771661446351e+39
359.38136638046257,1.3684757398497854e+39,1.3684757398497854e+39,1.3684757398497854e+39,1.3684757398497854e+39,1.3684757398497854e+39,1.3684757398497854e+39,1.3684757398497854e+39,1.3684757398497854e+39,1.3684757398497854e+39,1.3684757398497854e+39,1.3684757398497854e+39
408.42386526745173,1.54073688485127e+39,1.54073688485127e+39,1.54073688485127e+39,1.54073688485127e+39,1.54073688485127e+39,1.54073688485127e+39,1.54073688485127e+39,1.54073688485127e+39,1.54073688485127e+39,1.54073688485127e+39,1.54073688485127e+39
464.15888336127773,1.7326132370783803e+39,1.7326132370783803e+39,1.7326132370783803e+39,1.7326132370783803e+39,1.7326132370783803e+39,1.7326132370783803e+39,1.7326132370783803e+39,1.7326132370783803e+39,1.7326132370783803e+39,1.7326132370783803e+39,1.7326132370783803e+39
527.499706370262,1.9457957174936205e+39,1.9457957174936205e+39,1.9457957174936205e+39,1.9457957174936205e+39,1.9457957174936205e+39,1.9457957174936205e+39,1.9457957174936205e+39,1.9457957174936205e+39,1.9457957174936205e+39,1.9457957174936205e+39,1.9457957174936205e+39
599.4842503189409,2.1819832888562282e+39,2.1819832888562282e+39,2.1819832888562282e+39,2.1819832888562282e+39,2.1819832888562282e+39,2.1819832888562282e+39,2.1819832888562282e+39,2.1819832888562282e+39,2.1819832888562282e+39,2.1819832888562282e+39,2.1819832888562282e+39
681.2920690579608,2.4428455091828655e+39,2.4428455091828655e+39,2.4428455091828655e+39,2.4428455091828655e+39,2.4428455091828655e+39,2.4428455091828655e+39,2.4428455091828655e+39,2.4428455091828655e+39,2.4428455091828655e+39,2.4428455091828655e+39,2.4428455091828655e+39
774.263682681127,2.729978217009326e+39,2.729978217009326e+39,2.729978217009326e+39,2.729978217009326e+39,2.729978217009326e+39,2.729978217009326e+39,2.729978217009326e+39,2.729978217009326e+39,2.729978217009326e+39,2.729978217009326e+39,2.729978217009326e+39
879.9225435691075,3.044853417234984e+39,3.044853417234984e+39,3.044853417234984e+39,3.044853417234984e+39,3.044853417234984e+39,3.044853417234984e+39,3.044853417234984e+39,3.044853417234984e+39,3.044853417234984e+39,3.044853417234984e+39,3.044853417234984e+39
1000.0,3.388765259821042e+39,3.388765259821042e+39,3.388765259821042e+39,3.388765259821042e+39,3.388765259821042e+39,3.388765259821042e+39,3.388765259821042e+39,3.388765259821042e+39,3.388765259821042e+39,3.388765259821042e+39,3.388765259821042e+39
1136.4636663857243,3.7627747533493766e+39,3.7627747533493766e+39,3.7627747533493766e+39,3.7627747533493766e+39,3.7627747533493766e+39,3.7627747533493766e+39,3.7627747533493766e+39,3.7627747533493766e+39,3.7627747533493766e+39,3.7627747533493766e+39,3.7627747533493766e+39
1291.549665014884,4.1676562899685767e+39,4.1676562899685767e+39,4.1676562899685767e+39,4.1676562899685767e+39,4.1676562899685767e+39,4.1676562899685767e+39,4.1676562899685767e+39,4.1676562899685767e+39,4.1676562899685767e+39,4.1676562899685767e+39,4.1676562899685767e+39
1467.799267622069,4.6038489204015255e+39,4.6038489204015255e+39,4.6038489204015255e+39,4.6038489204015255e+39,4.6038489204015255e+39,4.6038489204015255e+39,4.6038489204015255e+39,4.6038489204015255e+39,4.6038489204015255e+39,4.6038489204015255e+39,4.6038489204015255e+39
1668.100537200059,5.0714144740347975e+39,5.0714144740347975e+39,5.0714144740347975e+39,5.0714144740347975e+39,5.0714144740347975e+39,5.0714144740347975e+39,5.0714144740347975e+39,5.0714144740347975e+39,5.0714144740347975e+39,5.0714144740347975e+39,5.0714144740347975e+39
1895.7356524063753,5.570003246971756e+39,5.570003246971756e+39,5.570003246971756e+39,5.570003246971756e+39,5.570003246971756e+39,5.570003246971756e+39,5.570003246971756e+39,5.570003246971756e+39,5.570003246971756e+39,5.570003246971756e+39,5.570003246971756e+39
2154.4346900318824,6.09882667456373e+39,6.09882667456373e+39,6.09882667456373e+39,6.09882667456373e+39,6.09882667456373e+39,6.09882667456373e+39,6.09882667456373e+39,6.09882667456373e+39,6.09882667456373e+39,6.09882667456373e+39,6.09882667456373e+39
2448.4367468222267,8.168280179251469e+39,6.656635989508395e+39,8.168280179251469e+39,8.168280179251469e+39,8.168280179251469e+39,8.168280179251469e+39,8.168280179251469e+39,8.168280179251469e+39,8.168280179251469e+39,8.168280179251469e+39,8.168280179251469e+39
2782.559402207123,1.4005007187528984e+40,7.241706813356915e+39,1.4005007187528984e+40,1.4005007187528984e+40,1.4005007187528984e+40,1.4005007187528984e+40,1.4005007187528984e+40,1.4005007187528984e+40,1.4005007187528984e+40,1.4005007187528984e+40,1.4005007187528984e+40
3162.2776601683795,1.9824639425905342e+40,7.851831398920371e+39,1.9824639425905342e+40,1.9824639425905342e+40,1.9824639425905342e+40,1.9824639425905342e+40,1.9824639425905342e+40,1.9824639425905342e+40,1.9824639425905342e+40,1.9824639425905342e+40,1.9824639425905342e+40
3593.813663804626,2.558103537364101e+40,8.484321354493267e+39,2.558103537364101e+40,2.558103537364101e+40,2.558103537364101e+40,2.558103537364101e+40,2.558103537364101e+40,2.558103537364101e+40,2.558103537364101e+40,2.558103537364101e+40,2.558103537364101e+40
4084.2386526745217,2.766723564574094e+40,9.136022951572715e+39,3.12437013275737e+40,2.766723564574094e+40,2.766723564574094e+40,2.766723564574094e+40,2.766723564574094e+40,2.766723564574094e+40,2.766723564574094e+40,2.766723564574094e+40,2.766723564574094e+40
4641.588833612777,2.382884767419696e+40,9.803344977057517e+39,3.679339650772441e+40,2.382884767419696e+40,2.382884767419696e+40,2.382884767419696e+40,2.382884767419696e+40,2.382884767419696e+40,2.382884767419696e+40,2.382884767419696e+40,2.382884767419696e+40
5274.9970637026145,2.219902061266658e+40,1.0482297192244434e+40,4.2216147293001503e+40,2.0639110883304313e+40,2.219902061266658e+40,2.219902061266658e+40,2.219902061266658e+40,2.219902061266658e+40,2.219902061266658e+40,2.219902061266658e+40,2.219902061266658e+40
5994.8425031894085,2.1618422188149294e+40,1.11685368366234e+40,4.749898421029377e+40,1.8019028747574759e+40,2.1618422188149294e+40,2.1618422188149294e+40,2.1618422188149294e+40,2.1618422188149294e+40,2.1618422188149294e+40,2.1618422188149294e+40,2.1618422188149294e+40
6812.920690579608,2.1264201066647796e+40,1.185742090354942e+40,5.262818642480588e+40,1.586709629699996e+40,2.1264201066647796e+40,2.1264201066647796e+40,2.1264201066647796e+40,2.1264201066647796e+40,2.1264201066647796e+40,2.1264201066647796e+40,2.1264201066647796e+40
7742.63682681127,1.9135245064480914e+40,1.254406239391516e+40,5.758896362505991e+40,1.4094585060187296e+40,2.1092332389168694e+40,1.9135245064480914e+40,1.9135245064480914e+40,1.9135245064480914e+40,1.9135245064480914e+40,1.9135245064480914e+40,1.9135245064480914e+40
8799.225435691065,1.591658633638494e+40,1.3223389197663054e+40,6.2365573392507e+40,1.263175041956424e+40,2.1068301537331008e+40,1.5869551472019783e+40,1.591658633638494e+40,1.591658633638494e+40,1.591658633638494e+40,1.591658633638494e+40,1.591658633638494e+40
10000.0,3.6537663863993114e+40,1.389020475355717e+40,6.694151696870828e+40,1.1423983441031286e+40,2.1162013467061117e+40,1.3355500025081919e+40,3.6537663863993114e+40,3.6537663863993114e+40,3.6537663863993114e+40,3.6537663863993114e+40,3.6537663863993114e+40
11364.636663857242,5.181429507450486e+40,1.4539250287688837e+40,7.129975579033489e+40,1.0427727860263681e+40,2.1346877819354777e+40,1.1372293579206335e+40,5.181429507450486e+40,5.181429507450486e+40,5.181429507450486e+40,5.181429507450486e+40,5.181429507450486e+40
12915.496650148827,6.3811010413224735e+40,1.5165269294295423e+40,7.542294965555363e+40,9.60761245753952e+39,2.1599442314529527e+40,9.781450177064106e+39,6.3811010413224735e+40,6.3811010413224735e+40,6.3811010413224735e+40,6.3811010413224735e+40,6.3811010413224735e+40
14677.992676220676,7.362556853298396e+40,1.5763076073183143e+40,7.929372657464692e+40,8.93447990186511e+39,2.1899011413340206e+40,8.492496283363352e+39,7.362556853298396e+40,7.362556853298396e+40,7.362556853298396e+40,7.362556853298396e+40,7.362556853298396e+40
16681.005372000556,8.184850864103861e+40,1.6327631656332825e+40,8.289500181087219e+40,8.384009077390971e+39,2.222730847006842e+40,7.442211197087261e+39,8.184850864103861e+40,8.184850864103861e+40,8.184850864103861e+40,8.184850864103861e+40,8.184850864103861e+40
18957.356524063754,8.882708634420613e+40,1.6854132379652127e+40,8.621037393187623e+40,7.935739701360259e+39,2.256821891258932e+40,6.584147403374339e+39,8.882708634420613e+40,8.882708634420613e+40,8.882708634420613e+40,8.882708634420613e+40,8.882708634420613e+40
21544.346900318822,9.477970101063972e+40,1.73381185858665e+40,8.922463859959993e+40,7.572376481752077e+39,2.2907625646689917e+40,5.882936923286779e+39,9.477970101063972e+40,9.477970101063972e+40,9.477970101063972e+40,9.477970101063972e+40,9.477970101063972e+40
24484.36746822229,9.98511165779976e+40,1.777561307428732e+40,9.19244743159705e+40,7.279290445816918e+39,2.323333934321568e+40,5.3109695021801174e+39,9.98511165779976e+40,9.98511165779976e+40,9.98511165779976e+40,9.98511165779976e+40,9.98511165779976e+40
27825.59402207126,1.041421617884459e+41,1.8163300288963959e+40,9.4299363762004e+40,7.044158817743162e+39,2.3535123810560576e+40,4.846337428564106e+39,1.041421617884459e+41,1.041421617884459e+41,1.041421617884459e+41,1.041421617884459e+41,1.041421617884459e+41
31622.776601683792,1.0772738237323706e+41,1.8498754899102312e+40,9.634281040676012e+40,6.856697215794193e+39,2.380481278129251e+40,4.4714884928501336e+39,1.0772738237323706e+41,1.0772738237323706e+41,1.0772738237323706e+41,1.0772738237323706e+41,1.0772738237323706e+41
35938.13663804626,1.1066667087679148e+41,1.8780722166682331e+40,9.805387157573736e+40,6.708440760954081e+39,2.4036502465553007e+40,4.1722739512874016e+39,1.1066667087679148e+41,1.1066667087679148e+41,1.1066667087679148e+41,1.1066667087679148e+41,1.1066667087679148e+41
40842.38652674518,1.1301375953570758e+41,1.9009436197811996e+40,9.943895332428884e+40,6.592541026710271e+39,2.4226792456530866e+40,3.937208786967534e+39,1.1301375953570758e+41,1.1301375953570758e+41,1.1301375953570758e+41,1.1301375953570758e+41,1.1301375953570758e+41
46415.888336127726,1.1482286522595918e+41,1.9186932734403714e+40,1.0051364812746941e+41,6.503532412472171e+39,2.4375003433387934e+40,3.756816762832974e+39,1.1482286522595918e+41,1.1482286522595918e+41,1.1482286522595918e+41,1.1482286522595918e+41,1.1482286522595918e+41
52749.97063702609,5.369050738084185e+40,1.9317272980000004e+40,1.0130416557204014e+41,6.437040142855992e+39,2.4483267059879377e+40,3.6229936606147585e+39,1.1615381435385466e+41,5.369050738084185e+40,5.369050738084185e+40,5.369050738084185e+40,5.369050738084185e+40
59948.42503189409,8.713417542549308e+40,1.9406553004294108e+40,1.0184765061597844e+41,6.389421275114095e+39,2.4556345844813545e+40,3.528382320239533e+39,1.1707520093295716e+41,2.9274828308299027e+40,8.713417542549308e+40,8.713417542549308e+40,8.713417542549308e+40
68129.20690579608,9.150817136613283e+40,1.9462558502479275e+40,1.0219055609991078e+41,6.357378074984961e+39,2.460104930474864e+40,3.465833854734656e+39,1.1766462583252744e+41,1.746234773882116e+40,9.368573430067899e+40,9.150817136613283e+40,9.150817136613283e+40
77426.36826811278,8.799326614897674e+40,1.949398172480509e+40,1.0238449818212383e+41,6.33764560844569e+39,2.462520783359564e+40,3.428110859035025e+39,1.1800507476681844e+41,1.1084521804101821e+40,9.607909339323469e+40,5.388863066917952e+40,8.799326614897674e+40
87992.25435691074,9.667924315068434e+40,1.950928125197517e+40,1.0247991186279231e+41,6.32689278065309e+39,2.463636545631806e+40,3.4080053662615496e+39,1.1817743470513232e+41,7.641113302392998e+39,9.714593868076524e+40,4.42340705422131e+40,9.667924315068434e+40
100000.0,9.937750544120693e+40,1.9515500546712521e+40,1.0251920306250526e+41,6.321921195213616e+39,2.4640583087384465e+40,3.3989099504159374e+39,1.1825107917111745e+41,5.906638031570104e+39,9.76495437390247e+40,4.0209541149848134e+40,9.937750544120693e+40
113646.36663857242,1.0046338452816523e+41,1.9517510093578908e+40,1.0253209955859635e+41,6.320070238127982e+39,2.4641816036627863e+40,3.395590689310303e+39,1.1827638507217598e+41,5.1416710454422324e+39,9.787859765248681e+40,3.846383198589887e+40,1.0046338452816523e+41
129154.96650148826,3.1662651028003985e+40,1.951799499402513e+40,1.0253527023108903e+41,6.319550182139146e+39,2.4642074465450903e+40,3.394673954589056e+39,1.1828296283133709e+41,4.865925787474758e+39,9.797018298858835e+40,3.7781083510480286e+40,1.0089461508886358e+41
146779.92676220674,9.616774615344947e+39,1.9518075678046064e+40,1.0253580964652903e+41,6.319448441423908e+39,2.4642109352027965e+40,3.39449705998986e+39,1.1828415926886192e+41,4.790980677543761e+39,9.799925887471318e+40,3.756448602515852e+40,1.0104030990535432e+41
166810.0537200059,4.089142564454012e+39,1.9518083954177257e+40,1.0253586660607926e+41,6.319435878614381e+39,2.464211179473479e+40,3.3944754701326693e+39,1.1828429672300624e+41,4.777054524063333e+39,9.800578364186063e+40,3.751444028526409e+40,1.010771005779312e+41
189573.56524063754,2.77283240146127e+39,1.951808428069678e+40,1.0253586919354398e+41,6.319434973642822e+39,2.4642111674584063e+40,3.3944739784323426e+39,1.1828430473168029e+41,4.775487199173183e+39,9.800668766984399e+40,3.75070092092028e+40,1.0108315788191033e+41
215443.46900318822,2.557087241879354e+39,1.951808411684494e+40,1.0253586835901967e+41,6.319434889172815e+39,2.464211145110809e+40,3.394473900921036e+39,1.1828430393614988e+41,4.775395403055025e+39,9.800675281278986e+40,3.7506400610428952e+40,1.0108371255336023e+41
244843.67468222242,2.5379095126041975e+39,1.951808391782164e+40,1.0253586731296658e+41,6.319434825084137e+39,2.4642111200001905e+40,3.39447386669049e+39,1.1828430272952516e+41,4.7753930637438145e+39,9.800675389308054e+40,3.7506377597112016e+40,1.0108373492761615e+41
278255.94022071257,2.5371929281045167e+39,1.951808369497324e+40,1.02535866141027e+41,6.319434754049629e+39,2.46421109192146e+40,3.3944738294550357e+39,1.1828430137429686e+41,4.775393013108237e+39,9.800675279456919e+40,3.7506376886600847e+40,1.0108373412516827e+41
316227.7660168379,2.5371847067850602e+39,1.9518083447099309e+40,1.0253586483726743e+41,6.319434675240142e+39,2.464211060699845e+40,3.3944737883185275e+39,1.182842998659759e+41,4.7753929866293766e+39,9.800675154762265e+40,3.750637643606525e+40,1.0108373283760554e+41
359381.36638046254,2.5371847420158666e+39,1.9518083172873834e+40,1.0253586339478452e+41,6.319434588166902e+39,2.4642110261648994e+40,3.394473742967842e+39,1.1828429819679233e+41,4.775392962557942e+39,9.800675016763058e+40,3.7506375943967217e+40,1.010837314102052e+41
408423.86526745174,2.5371848184555885e+39,1.951808287097512e+40,1.0253586180669174e+41,6.31943449234866e+39,2.4642109881470383e+40,3.3944736930995284e+39,1.1828429635897059e+41,4.775392938514458e+39,9.800674864817355e+40,3.750637540481083e+40,1.0108372983802536e+41
464158.8833612772,2.537184908705634e+39,1.9518082540086186e+40,1.0253586006612225e+41,6.31943438731084e+39,2.4642109464775462e+40,3.3944736384181405e+39,1.1828429434474073e+41,4.7753929124647757e+39,9.800674698277115e+40,3.750637481445531e+40,1.0108372811465203e+41
527499.706370262,2.5371850067647602e+39,1.9518082178894788e+40,1.0253585816622874e+41,6.319434272585308e+39,2.464210900988546e+40,3.394473578635932e+39,1.1828429214633837e+41,4.775392882640595e+39,9.800674516494329e+40,3.750637416905139e+40,1.0108372623361247e+41
599484.2503189408,2.5371851080418147e+39,1.9518081786093362e+40,1.025358561001833e+41,6.319434147710428e+39,2.4642108515130086e+40,3.3944735134729297e+39,1.1828428975600533e+41,4.7753928475030017e+39,9.80067431882141e+40,3.7506373464991176e+40,1.0108372418839354e+41
681292.0690579609,2.5371852089752635e+39,1.9518081360378972e+40,1.025358538611773e+41,6.319434012230947e+39,2.4642107978847435e+40,3.394473442656647e+39,1.1828428716599035e+41,4.775392805711616e+39,9.800674104611565e+40,3.7506372698869487e+40,1.0108372197245557e+41
774263.6826811262,2.5371853067756215e+39,1.951808090045321e+40,1.0253585144242113e+41,6.319433865697416e+39,2.464210739938346e+40,3.394473365921459e+39,1.1828428436854981e+41,4.7753927560973004e+39,9.800673873218964e+40,3.750637186745155e+40,1.0108371957924142e+41
879922.5435691057,2.537185399244752e+39,1.9518080405022125e+40,1.0253584883714408e+41,6.31943370766611e+39,2.464210677509196e+40,3.3944732830083696e+39,1.1828428135594876e+41,4.775392697639296e+39,9.80067362399893e+40,3.750637096764743e+40,1.0108371700218407e+41
1000000.0,2.5371854846448966e+39,1.9518079872796087e+40,1.0253584603859406e+41,6.31943353769849e+39,2.464210610433409e+40,3.394473193664368e+39,1.1828427812046177e+41,4.7753926294449316e+39,9.800673356308025e+40,3.750636999649031e+40,1.010837142347117e+41
1136463.6663857242,2.5371855616022516e+39,1.9518079302489715e+40,1.025358430400375e+41,6.319433355360967e+39,2.464210538547821e+40,3.394473097642047e+39,1.1828427465437386e+41,4.775392550732255e+39,9.800673069504158e+40,3.7506368951118806e+40,1.0108371127025217e+41
1291549.6650148828,2.5371856290339094e+39,1.951807869282175e+40,1.0253583983475904e+41,6.319433160224382e+39,2.464210461689945e+40,3.39447299469903e+39,1.1828427094998155e+41,4.775392460814906e+39,9.80067276294665e+40,3.7506367828762e+40,1.0108370810223625e+41
1467799.2676220676,2.5371856860908753e+39,1.9518078042514946e+40,1.0253583641606145e+41,6.319432951863638e+39,2.4642103796979365e+40,3.394472884597395e+39,1.182842669995934e+41,4.775392359088479e+39,9.800672435996223e+40,3.750636662672604e+40,1.010837047240996e+41
1668100.537200059,2.537185732114952e+39,1.9518077350295978e+40,1.0253583277726531e+41,6.319432729857526e+39,2.4642102924105865e+40,3.3944727671034734e+39,1.1828426279553122e+41,4.775392245019442e+39,9.80067208801511e+40,3.7506365342384197e+40,1.0108370112928573e+41
1895735.6524063754,2.5371857666026656e+39,1.9518076614895345e+40,1.0253582891170893e+41,6.319432493788163e+39,2.4642101996672673e+40,3.3944726419871416e+39,1.1828425833013043e+41,4.775392118134476e+39,9.800671718367026e+40,3.7506363973166816e+40,1.0108369731124688e+41
2154434.6900318824,2.5371857891771018e+39,1.951807583504726e+40,1.0253582481274807e+41,6.319432243240879e+39,2.464210101307929e+40,3.394472509021641e+39,1.1828425359574086e+41,4.7753919780116946e+39,9.80067132641719e+40,3.7506362516553373e+40,1.010836932634455e+41
2448436.746822224,2.5371857995645986e+39,1.951807500948957e+40,1.0253582047375571e+41,6.319431977803613e+39,2.464209997173042e+40,3.394472367982879e+39,1.182842485847272e+41,4.775391824272772e+39,9.800670911532337e+40,3.750636097006562e+40,1.0108368897935528e+41
2782559.4022071203,2.53718579757579e+39,1.951807413696367e+40,1.0253581588812209e+41,6.319431697067111e+39,2.4642098871036215e+40,3.394472218649553e+39,1.1828424328946995e+41,4.7753916565763467e+39,9.80067047308075e+40,3.7506359331261794e+40,1.0108368445246235e+41
3162277.6601683795,2.5371857830893576e+39,1.9518073216214436e+40,1.0253581104925423e+41,6.31943140062436e+39,2.4642097709411726e+40,3.3944720608025216e+39,1.1828423770236527e+41,4.7753914746115983e+39,9.800670010432215e+40,3.7506357597730855e+40,1.0108367967626538e+41
