keV	keVe	f	fe	mod
11.3240004	0.505000114	270.743835	35.1656265	260.332642
12.3415003	0.512499809	318.604187	35.903019	294.686432
13.3769999	0.522999763	360.48465	36.0774269	331.804108
14.4379997	0.538000107	325.010895	34.5196228	370.096008
15.5299997	0.553999901	396.53067	37.179512	409.553314
16.651001	0.567000389	449.5849	39.2144089	449.829742
17.8945007	0.676499367	472.22583	37.9330063	495.084991
19.2599983	0.68900013	476.051239	39.2537727	542.35376
20.6479988	0.699000359	641.194824	44.8399811	589.487366
22.0555	0.708499908	553.200623	44.5379944	637.336182
23.4829998	0.718999863	620.007202	48.5897446	683.271484
24.9329987	0.730999947	675.419373	51.8026466	725.621033
26.5149994	0.850999832	663.712402	50.3083153	774.112915
42.4700012	0.948999405	1095.15686	95.4002838	1130.58545
44.3894997	0.970500946	859.538269	87.1952591	1150.38171
46.3499985	0.989999771	1179.9812	102.871063	1199.91357
48.3495026	1.0095005	1121.6427	102.964035	1217.60486
50.4889984	1.12999916	1229.42249	104.538704	1240.60596
52.7679977	1.14900017	1136.86035	104.644623	1289.86279
55.0830002	1.16600037	1291.98743	112.143593	1301.74475
57.4305	1.18149948	1402.06616	118.428658	1325.28979
59.9165001	1.30450058	1233.25623	110.777695	1378.04382
62.5384979	1.31749916	1265.70703	114.188507	1372.61157
65.1849976	1.32900047	1384.49634	122.952446	1411.30151
67.9640045	1.45000076	1185.56873	115.666695	1463.09106
70.8704987	1.45650101	1403.38757	124.479347	1437.48926
73.788002	1.46099854	1498.06824	132.608871	1499.22717
76.822998	1.57400131	1341.68835	124.827003	1517.68005
79.9685059	1.57149887	1549.99707	136.441879	1524.16577
83.1060028	1.56599808	1238.74622	130.495544	1596.1532
86.3434982	1.67150116	1608.79626	142.790466	1550.93164
89.6804962	1.66550064	1631.41357	151.338852	1624.33691
93.0070038	1.6609993	1627.41223	154.269669	1616.91541
96.4349976	1.76700211	1652.98853	156.017365	1654.58081
99.9654999	1.7634964	1653.95679	160.989578	1677.27783
103.489998	1.76100159	1693.52759	167.145462	1685.05933
107.120499	1.86949921	1856.74341	175.946335	1728.52234
110.859497	1.86949921	1654.31824	171.210037	1717.84863
114.709	1.98000336	1829.73022	182.048904	1778.08044
118.671501	1.98249817	1824.28833	185.4832	1751.57739
122.750504	2.0965004	1763.7113	186.132477	1825.81909
126.948502	2.10150146	1612.94299	180.53569	1786.48865
131.266998	2.21699524	2037.03113	205.259674	1871.62769
135.705994	2.22200012	1509.02856	181.654678	1822.96423
140.155487	2.22750092	1790.26025	206.746704	1912.01465
144.72699	2.34400177	2040.38281	217.65007	1865.89502
149.420502	2.34950256	1422.22961	195.575546	1946.74463
154.237503	2.46749878	2207.92261	236.125458	1911.45874
159.291504	2.58650208	2180.55396	242.154846	1981.30139
164.470505	2.59249878	1825.31836	229.709167	1956.01904
169.774994	2.71199799	1802.71777	235.181671	2014.97156
175.206497	2.71949768	1757.45129	242.201035	2004.5929
180.765503	2.83950043	2490.4668	291.730225	2044.45642
186.452499	2.84750366	1665.71057	259.262054	2057.73193
192.269012	2.96900177	2085.41113	290.790497	2069.4502
198.329498	3.09149933	2045.93457	295.839325	2112.95752
204.520996	3.09999847	1631.51892	277.166382	2094.38745
210.844498	3.22349548	2319.94287	335.946442	2171.80981
217.416	3.3480072	1912.16357	312.931854	2116.12793
224.121002	3.35699463	2384.29272	370.588928	2233.27637
234.570007	7.09200287	1777.28235	240.840286	2199.93262
245.398499	3.73649597	2113.98315	381.209564	2180.61133
256.757996	7.62300873	1317.26025	242.098846	2265.14697
268.385986	4.00498962	2274.60278	450.44812	2298.54077
280.672485	8.2815094	2119.63794	329.704224	2310.08862
297.641998	8.68798828	2347.1792	371.355072	2348.95825
315.549011	9.2190094	2183.62524	382.879181	2387.55005
334.523987	9.7559967	2276.24121	420.307648	2424.96362
359.935486	15.6555023	2694.39697	408.538879	2458.81421
398.400513	22.809494	2001.06519	362.890686	2508.87036
446.767517	25.5575104	2572.25928	468.226227	2567.62891
515.842529	43.5174866	2753.32544	490.998993	2588.73828
619.619019	60.2590027	3050.49829	587.301697	2602.68091
786.346985	106.468994	3091.15039	678.302429	2527.19849
10.5205002	0.447500229	176.921051	20.5808964	223.061188
11.5065002	0.538499832	268.165558	22.3359852	253.946442
12.5874996	0.542500019	291.624329	22.9992752	290.564941
13.6785002	0.548500061	314.378632	23.4760551	328.240051
14.7835007	0.556499958	376.130035	25.6240482	365.948853
15.9045	0.564499855	385.807037	26.6885986	403.714294
17.0424995	0.57349968	461.329132	29.5733871	443.172607
18.198	0.582000732	568.211426	33.2591934	482.948059
19.4705009	0.690499306	534.135925	31.1381073	524.536133
20.8649998	0.704000473	575.261353	33.3568954	570.634094
22.2884998	0.719499588	700.658508	37.6370888	616.289124
23.7469997	0.73900032	679.615417	38.5016289	661.554443
25.2480011	0.762000084	707.825134	40.6839294	706.570251
26.7975006	0.787499428	727.630676	42.7516327	749.12616
42.399498	0.866498947	1159.4978	81.6981506	1077.39185
44.2434998	0.977500916	1039.18616	75.544838	1100.44373
46.213501	0.992500305	1214.40637	84.3663177	1147.54883
48.2130013	1.00699997	1011.57062	79.2279205	1157.51978
50.2399979	1.01999855	1427.12183	95.7993698	1185.86621
52.3964996	1.13650131	1364.1731	92.8342819	1235.15601
54.6825027	1.14949989	1310.31519	92.170372	1226.5011
56.9944992	1.16250038	1217.52539	92.0566559	1271.2345
59.3300018	1.17299843	1175.66687	93.3725586	1306.93542
61.7944984	1.29150009	1357.91699	96.7168579	1302.71753
64.387001	1.3010025	1346.29272	101.080849	1357.87439
66.9974976	1.30949783	1361.76794	104.289131	1359.3783
69.7335052	1.42650223	1401.29419	104.499702	1386.92212
72.5924988	1.43249893	1414.58289	109.155251	1438.66541
75.4615021	1.43650055	1779.65771	121.866615	1409.44336
78.4465027	1.54850006	1614.89575	117.823761	1476.24084
81.5435028	1.54850006	1752.79358	125.738861	1470.97717
84.638504	1.54649734	1900.18542	135.695175	1504.54968
87.8410034	1.65600204	1732.41382	130.03392	1534.66711
91.1515045	1.65449905	1780.7074	134.955612	1529.96594
94.4595032	1.6534996	1716.24878	138.961716	1594.52234
97.8769989	1.76399994	1484.14807	127.207268	1558.12195
101.404495	1.76350021	1841.85205	148.920212	1646.75452
104.931999	1.76399994	1873.07617	151.216263	1585.74426
108.571503	1.87549973	1941.04065	157.960358	1681.92651
112.323997	1.8769989	1928.49243	158.848862	1629.99963
116.190994	1.99000168	1702.79431	153.510239	1717.75049
120.173996	1.99300003	1907.53125	163.671249	1673.0824
124.274506	2.10750198	1824.65491	164.544891	1754.52515
128.4935	2.11149597	1842.12817	167.979858	1714.5697
132.832001	2.227005	1488.88782	157.099396	1792.78613
137.290009	2.23099518	2048.72705	184.984314	1753.96802
141.756989	2.23600006	2172.41211	200.732269	1837.8811
146.345001	2.352005	1927.99817	188.287567	1785.32568
151.054001	2.35699463	1784.43774	193.615158	1884.64612
155.884995	2.47399902	1639.74707	184.365814	1814.08203
160.951508	2.59250641	2037.33643	213.344055	1928.31836
166.14151	2.59749603	1704.57532	199.740753	1844.84644
171.455505	2.71649933	2157.08032	235.258194	1964.73474
176.894501	2.72250366	2000.15369	232.648148	1885.54504
182.459503	2.84249878	2388.80762	266.191101	1991.40405
188.150497	2.84849548	1549.09668	228.434082	1936.83667
193.967987	2.96900177	2090.58252	271.784973	2013.61414
200.028	3.09100342	2216.29907	283.646698	1992.72327
206.216492	3.09749603	1833.8446	275.670135	2035.67139
212.533997	3.22000122	1879.07922	285.504028	2049.75098
219.097	3.34300232	2163.64966	312.239197	2054.52539
225.790497	3.35050201	1686.49072	299.780792	2109.46411
232.615997	3.47499847	2585.02051	366.819611	2069.76831
239.690491	3.59949493	1915.42981	342.519165	2171.35278
247.014999	3.7250061	2901.5354	414.326569	2084.90063
258.334015	7.59400177	1929.41431	268.777588	2167.07788
269.915527	3.98750305	2229.37329	429.157715	2222.63403
282.143494	8.24049377	1936.64038	305.272003	2208.14185
294.638489	4.25450134	3121.2085	567.710938	2257.85596
307.790009	8.89700317	1988.67102	352.778503	2281.021
326.106995	9.41999817	2562.55835	416.533051	2298.34619
350.650024	15.1230011	2046.94836	343.573914	2325.02271
382.102509	16.3294983	2526.12378	424.869385	2373.95923
428.73999	30.3079987	1704.63745	336.519379	2431.25586
486.23053	27.1825104	3192.2605	584.890686	2467.44702
595.071045	81.6579895	2212.5481	427.895172	2489.32715
781.514038	104.785004	3635.37427	712.567505	2418.08179
335.612	16.7850037	2466.29663	215.860107	2421.58716
369.105499	16.7084961	2374.99561	255.491486	2471.33911
402.4505	16.6365051	3015.98413	299.767822	2500.49707
435.658997	16.571991	2368.28906	301.589142	2550.44458
468.7435	16.5125122	2617.46167	338.47934	2577.29102
501.715515	16.4594879	2138.83496	357.311401	2573.10815
534.587036	16.4120178	2722.69409	432.515869	2594.53223
567.369995	16.3710022	2611.09644	450.254456	2603.50659
605.515503	21.7744751	2427.67603	400.52533	2613.69922
649.015991	21.7260132	2308.72412	425.276489	2604.3208
692.43396	21.6919861	2772.16406	478.31781	2561.04077
757.464478	43.338501	2207.10889	372.066071	2534.56885
844.176025	43.3730164	2405.24487	465.860748	2474.85449
952.921997	65.3729858	2327.33789	457.29892	2367.39673
1151.57751	133.282501	2352.00317	439.434448	2173.72241
1605.11255	320.252502	2167.61401	453.24762	1759.45435
2277.35449	351.989502	1333.87317	627.936279	1298.99963
3112.61499	483.270996	658.202637	658.974243	967.685303
4241.38916	645.503052	-428.523285	483.08905	709.093384
5732.56934	845.677002	136.192001	559.975647	526.184875
7740.24854	1162.00244	1433.90063	776.371155	386.866913
9335.69922	433.448242	759.072144	1477.22351	313.696625
17	1	444.050629	67.2202911	384.457672
19	1	540.911133	62.0905647	443.568085
21	1	578.06134	52.2496147	501.116272
23	1	609.72168	45.1747551	556.068237
25	1	649.213806	40.0776672	608.191345
27	1	734.792603	45.1664352	656.93457
29.0499992	1.05000019	682.588562	44.7589722	704.059021
31.0999985	0.999999046	656.001282	47.7840157	748.039917
33.1500015	1.05000114	868.525696	58.1213722	788.771484
35.25	1.04999924	854.894714	59.8404083	827.539307
37.2999992	1	940.854675	64.9871445	862.105042
39.3499985	1.05000114	916.469971	65.9752884	895.430847
41.4500008	1.04999924	909.364563	67.0208969	927.854309
43.5499992	1.04999924	907.259521	68.4513168	955.039795
45.6999969	1.10000038	1029.3822	73.5847168	985.152405
47.8499985	1.05000114	892.905518	73.9688873	1010.49512
50	1.09999847	1094.84119	78.7659607	1034.76514
52.1500015	1.05000114	1077.67432	83.3672943	1058.9248
54.3000031	1.10000038	1066.72314	83.3724213	1081.1571
56.5	1.09999847	1042.1604	86.6070175	1102.71582
58.6999969	1.10000038	1147.5686	90.6139832	1123.24524
60.9000015	1.10000038	1154.0813	91.9173126	1143.14514
63.0999985	1.09999847	1222.03906	97.0332413	1162.79309
65.3000031	1.10000229	1196.2085	103.404564	1178.08203
67.5500031	1.14999771	1276.5343	107.112457	1195.95044
69.8000031	1.10000229	1097.99866	104.893929	1215.18579
72.0500031	1.14999771	997.964478	105.110573	1229.15759
74.3000031	1.10000229	1088.53589	112.033348	1245.23132
76.5500031	1.14999771	1128.82715	119.189507	1261.34094
78.8499985	1.15000153	1173.41968	124.780693	1274.74927
81.1500015	1.15000153	1112.59534	125.168396	1290.53455
83.4499969	1.14999771	1080.49988	134.423523	1304.797
85.8000031	1.20000076	1413.87976	151.236511	1316.62439
88.1500015	1.15000153	1434.17358	157.278061	1334.45886
90.5	1.19999695	1323.82861	154.834854	1342.57922
92.8499985	1.15000153	1379.93237	162.344101	1356.95532
95.1999969	1.20000076	1595.82397	179.477478	1372.13501
97.6000061	1.20000076	1476.59692	174.200027	1383.36938
100	1.19999695	1414.95984	198.39801	1392.45593
102.399994	1.20000076	1438.04321	184.824173	1406.17664
104.800003	1.20000076	1311.98657	198.604767	1419.09595
107.199997	1.20000076	1220.32642	214.559906	1431.29297
109.650002	1.25	1544.98157	240.38327	1443.57703
113.350006	2.45000076	1370.89709	182.416336	1455.92371
117	1.19999695	1501.05444	274.133636	1473.27209
120.699997	2.5	1221.53381	213.792953	1489.02087
125.75	2.55000305	1527.39062	234.608719	1510.20459
130.800003	2.5	1534.66089	248.312668	1530.53601
137.149994	3.84999847	1546.86206	241.567047	1554.93054
144.899994	3.90000153	1393.25598	278.926178	1584.49597